# southern hemisphere Optical Thickness at 550 nm
# from <a href="http://data.giss.nasa.gov/modelforce/strataer/">NASA/GISS</a>
# AOD [1] stratospheric aerosol optical depth
1850  1 0.004
1850  2 0.004
1850  3 0.004
1850  4 0.004
1850  5 0.004
1850  6 0.004
1850  7 0.003
1850  8 0.003
1850  9 0.003
1850 10 0.003
1850 11 0.003
1850 12 0.003
1851  1 0.003
1851  2 0.003
1851  3 0.003
1851  4 0.003
1851  5 0.003
1851  6 0.003
1851  7 0.002
1851  8 0.002
1851  9 0.002
1851 10 0.002
1851 11 0.002
1851 12 0.002
1852  1 0.002
1852  2 0.002
1852  3 0.002
1852  4 0.002
1852  5 0.002
1852  6 0.002
1852  7 0.001
1852  8 0.001
1852  9 0.001
1852 10 0.001
1852 11 0.001
1852 12 0.001
1853  1 0.001
1853  2 0.001
1853  3 0.001
1853  4 0.001
1853  5 0.001
1853  6 0.001
1853  7 0.001
1853  8 0.001
1853  9 0.001
1853 10 0.001
1853 11 0.000
1853 12 0.000
1854  1 0.000
1854  2 0.000
1854  3 0.000
1854  4 0.000
1854  5 0.000
1854  6 0.000
1854  7 0.000
1854  8 0.000
1854  9 0.000
1854 10 0.000
1854 11 0.000
1854 12 0.000
1855  1 0.000
1855  2 0.000
1855  3 0.000
1855  4 0.000
1855  5 0.000
1855  6 0.000
1855  7 0.000
1855  8 0.000
1855  9 0.000
1855 10 0.003
1855 11 0.007
1855 12 0.012
1856  1 0.017
1856  2 0.021
1856  3 0.026
1856  4 0.031
1856  5 0.035
1856  6 0.040
1856  7 0.043
1856  8 0.046
1856  9 0.048
1856 10 0.050
1856 11 0.052
1856 12 0.055
1857  1 0.057
1857  2 0.059
1857  3 0.062
1857  4 0.064
1857  5 0.066
1857  6 0.068
1857  7 0.068
1857  8 0.064
1857  9 0.060
1857 10 0.056
1857 11 0.052
1857 12 0.048
1858  1 0.044
1858  2 0.041
1858  3 0.037
1858  4 0.034
1858  5 0.032
1858  6 0.029
1858  7 0.027
1858  8 0.025
1858  9 0.023
1858 10 0.021
1858 11 0.019
1858 12 0.018
1859  1 0.016
1859  2 0.015
1859  3 0.014
1859  4 0.013
1859  5 0.012
1859  6 0.011
1859  7 0.010
1859  8 0.010
1859  9 0.009
1859 10 0.009
1859 11 0.008
1859 12 0.007
1860  1 0.007
1860  2 0.006
1860  3 0.006
1860  4 0.005
1860  5 0.005
1860  6 0.005
1860  7 0.004
1860  8 0.004
1860  9 0.004
1860 10 0.003
1860 11 0.003
1860 12 0.003
1861  1 0.003
1861  2 0.002
1861  3 0.002
1861  4 0.002
1861  5 0.002
1861  6 0.002
1861  7 0.002
1861  8 0.003
1861  9 0.004
1861 10 0.005
1861 11 0.007
1861 12 0.008
1862  1 0.009
1862  2 0.010
1862  3 0.012
1862  4 0.013
1862  5 0.014
1862  6 0.016
1862  7 0.016
1862  8 0.016
1862  9 0.015
1862 10 0.014
1862 11 0.014
1862 12 0.014
1863  1 0.013
1863  2 0.012
1863  3 0.012
1863  4 0.011
1863  5 0.011
1863  6 0.010
1863  7 0.010
1863  8 0.009
1863  9 0.009
1863 10 0.008
1863 11 0.008
1863 12 0.007
1864  1 0.007
1864  2 0.006
1864  3 0.006
1864  4 0.005
1864  5 0.005
1864  6 0.005
1864  7 0.004
1864  8 0.004
1864  9 0.004
1864 10 0.004
1864 11 0.003
1864 12 0.003
1865  1 0.003
1865  2 0.003
1865  3 0.002
1865  4 0.002
1865  5 0.002
1865  6 0.002
1865  7 0.002
1865  8 0.002
1865  9 0.002
1865 10 0.002
1865 11 0.001
1865 12 0.001
1866  1 0.001
1866  2 0.001
1866  3 0.001
1866  4 0.001
1866  5 0.001
1866  6 0.001
1866  7 0.001
1866  8 0.001
1866  9 0.001
1866 10 0.001
1866 11 0.001
1866 12 0.001
1867  1 0.001
1867  2 0.001
1867  3 0.000
1867  4 0.000
1867  5 0.000
1867  6 0.000
1867  7 0.000
1867  8 0.000
1867  9 0.000
1867 10 0.000
1867 11 0.000
1867 12 0.000
1868  1 0.000
1868  2 0.000
1868  3 0.000
1868  4 0.000
1868  5 0.000
1868  6 0.000
1868  7 0.000
1868  8 0.000
1868  9 0.000
1868 10 0.000
1868 11 0.000
1868 12 0.000
1869  1 0.000
1869  2 0.000
1869  3 0.001
1869  4 0.001
1869  5 0.001
1869  6 0.001
1869  7 0.001
1869  8 0.001
1869  9 0.001
1869 10 0.001
1869 11 0.001
1869 12 0.001
1870  1 0.001
1870  2 0.001
1870  3 0.001
1870  4 0.001
1870  5 0.001
1870  6 0.001
1870  7 0.001
1870  8 0.001
1870  9 0.001
1870 10 0.001
1870 11 0.001
1870 12 0.001
1871  1 0.001
1871  2 0.001
1871  3 0.001
1871  4 0.001
1871  5 0.001
1871  6 0.001
1871  7 0.001
1871  8 0.001
1871  9 0.001
1871 10 0.001
1871 11 0.001
1871 12 0.001
1872  1 0.001
1872  2 0.001
1872  3 0.001
1872  4 0.001
1872  5 0.001
1872  6 0.001
1872  7 0.001
1872  8 0.001
1872  9 0.002
1872 10 0.002
1872 11 0.002
1872 12 0.002
1873  1 0.002
1873  2 0.003
1873  3 0.003
1873  4 0.003
1873  5 0.003
1873  6 0.003
1873  7 0.003
1873  8 0.003
1873  9 0.003
1873 10 0.003
1873 11 0.003
1873 12 0.003
1874  1 0.003
1874  2 0.002
1874  3 0.002
1874  4 0.002
1874  5 0.002
1874  6 0.002
1874  7 0.002
1874  8 0.002
1874  9 0.002
1874 10 0.002
1874 11 0.001
1874 12 0.001
1875  1 0.001
1875  2 0.001
1875  3 0.001
1875  4 0.001
1875  5 0.001
1875  6 0.001
1875  7 0.001
1875  8 0.001
1875  9 0.001
1875 10 0.001
1875 11 0.001
1875 12 0.001
1876  1 0.001
1876  2 0.001
1876  3 0.000
1876  4 0.000
1876  5 0.000
1876  6 0.000
1876  7 0.000
1876  8 0.000
1876  9 0.000
1876 10 0.000
1876 11 0.000
1876 12 0.000
1877  1 0.000
1877  2 0.000
1877  3 0.000
1877  4 0.000
1877  5 0.000
1877  6 0.000
1877  7 0.000
1877  8 0.000
1877  9 0.000
1877 10 0.000
1877 11 0.000
1877 12 0.000
1878  1 0.000
1878  2 0.000
1878  3 0.000
1878  4 0.000
1878  5 0.000
1878  6 0.000
1878  7 0.000
1878  8 0.000
1878  9 0.000
1878 10 0.000
1878 11 0.000
1878 12 0.000
1879  1 0.000
1879  2 0.000
1879  3 0.000
1879  4 0.000
1879  5 0.000
1879  6 0.000
1879  7 0.000
1879  8 0.000
1879  9 0.000
1879 10 0.000
1879 11 0.000
1879 12 0.000
1880  1 0.000
1880  2 0.000
1880  3 0.000
1880  4 0.000
1880  5 0.000
1880  6 0.000
1880  7 0.000
1880  8 0.000
1880  9 0.000
1880 10 0.000
1880 11 0.000
1880 12 0.000
1881  1 0.000
1881  2 0.000
1881  3 0.000
1881  4 0.000
1881  5 0.000
1881  6 0.000
1881  7 0.000
1881  8 0.000
1881  9 0.000
1881 10 0.000
1881 11 0.000
1881 12 0.000
1882  1 0.000
1882  2 0.000
1882  3 0.000
1882  4 0.000
1882  5 0.000
1882  6 0.000
1882  7 0.000
1882  8 0.000
1882  9 0.000
1882 10 0.000
1882 11 0.000
1882 12 0.000
1883  1 0.029
1883  2 0.033
1883  3 0.030
1883  4 0.028
1883  5 0.025
1883  6 0.023
1883  7 0.022
1883  8 0.023
1883  9 0.044
1883 10 0.073
1883 11 0.105
1883 12 0.131
1884  1 0.141
1884  2 0.162
1884  3 0.179
1884  4 0.186
1884  5 0.174
1884  6 0.160
1884  7 0.157
1884  8 0.132
1884  9 0.127
1884 10 0.117
1884 11 0.112
1884 12 0.107
1885  1 0.101
1885  2 0.090
1885  3 0.086
1885  4 0.076
1885  5 0.068
1885  6 0.062
1885  7 0.054
1885  8 0.047
1885  9 0.040
1885 10 0.039
1885 11 0.038
1885 12 0.036
1886  1 0.034
1886  2 0.032
1886  3 0.031
1886  4 0.029
1886  5 0.026
1886  6 0.024
1886  7 0.021
1886  8 0.018
1886  9 0.017
1886 10 0.069
1886 11 0.064
1886 12 0.059
1887  1 0.054
1887  2 0.050
1887  3 0.046
1887  4 0.042
1887  5 0.039
1887  6 0.036
1887  7 0.033
1887  8 0.034
1887  9 0.032
1887 10 0.029
1887 11 0.027
1887 12 0.025
1888  1 0.023
1888  2 0.021
1888  3 0.019
1888  4 0.018
1888  5 0.016
1888  6 0.010
1888  7 0.012
1888  8 0.013
1888  9 0.020
1888 10 0.026
1888 11 0.033
1888 12 0.034
1889  1 0.034
1889  2 0.035
1889  3 0.032
1889  4 0.030
1889  5 0.027
1889  6 0.025
1889  7 0.023
1889  8 0.021
1889  9 0.020
1889 10 0.018
1889 11 0.017
1889 12 0.023
1890  1 0.029
1890  2 0.034
1890  3 0.037
1890  4 0.040
1890  5 0.043
1890  6 0.040
1890  7 0.036
1890  8 0.033
1890  9 0.031
1890 10 0.028
1890 11 0.026
1890 12 0.024
1891  1 0.022
1891  2 0.020
1891  3 0.019
1891  4 0.017
1891  5 0.016
1891  6 0.015
1891  7 0.013
1891  8 0.012
1891  9 0.011
1891 10 0.010
1891 11 0.010
1891 12 0.009
1892  1 0.008
1892  2 0.007
1892  3 0.007
1892  4 0.006
1892  5 0.006
1892  6 0.005
1892  7 0.005
1892  8 0.005
1892  9 0.004
1892 10 0.004
1892 11 0.004
1892 12 0.003
1893  1 0.003
1893  2 0.003
1893  3 0.003
1893  4 0.002
1893  5 0.002
1893  6 0.002
1893  7 0.002
1893  8 0.002
1893  9 0.002
1893 10 0.002
1893 11 0.001
1893 12 0.001
1894  1 0.001
1894  2 0.001
1894  3 0.001
1894  4 0.001
1894  5 0.001
1894  6 0.001
1894  7 0.001
1894  8 0.001
1894  9 0.001
1894 10 0.001
1894 11 0.001
1894 12 0.001
1895  1 0.001
1895  2 0.001
1895  3 0.000
1895  4 0.000
1895  5 0.000
1895  6 0.000
1895  7 0.000
1895  8 0.000
1895  9 0.000
1895 10 0.000
1895 11 0.000
1895 12 0.000
1896  1 0.012
1896  2 0.011
1896  3 0.014
1896  4 0.026
1896  5 0.039
1896  6 0.045
1896  7 0.050
1896  8 0.056
1896  9 0.051
1896 10 0.047
1896 11 0.043
1896 12 0.040
1897  1 0.037
1897  2 0.034
1897  3 0.031
1897  4 0.029
1897  5 0.027
1897  6 0.029
1897  7 0.029
1897  8 0.030
1897  9 0.035
1897 10 0.039
1897 11 0.043
1897 12 0.040
1898  1 0.036
1898  2 0.034
1898  3 0.031
1898  4 0.028
1898  5 0.026
1898  6 0.024
1898  7 0.022
1898  8 0.020
1898  9 0.019
1898 10 0.017
1898 11 0.016
1898 12 0.015
1899  1 0.014
1899  2 0.012
1899  3 0.012
1899  4 0.011
1899  5 0.010
1899  6 0.009
1899  7 0.008
1899  8 0.008
1899  9 0.007
1899 10 0.006
1899 11 0.006
1899 12 0.005
1900  1 0.005
1900  2 0.005
1900  3 0.004
1900  4 0.004
1900  5 0.004
1900  6 0.003
1900  7 0.003
1900  8 0.003
1900  9 0.003
1900 10 0.002
1900 11 0.002
1900 12 0.002
1901  1 0.002
1901  2 0.002
1901  3 0.002
1901  4 0.002
1901  5 0.001
1901  6 0.001
1901  7 0.001
1901  8 0.001
1901  9 0.001
1901 10 0.001
1901 11 0.001
1901 12 0.001
1902  1 0.002
1902  2 0.003
1902  3 0.004
1902  4 0.006
1902  5 0.008
1902  6 0.007
1902  7 0.006
1902  8 0.009
1902  9 0.020
1902 10 0.041
1902 11 0.053
1902 12 0.067
1903  1 0.081
1903  2 0.072
1903  3 0.074
1903  4 0.071
1903  5 0.070
1903  6 0.072
1903  7 0.073
1903  8 0.073
1903  9 0.072
1903 10 0.067
1903 11 0.059
1903 12 0.054
1904  1 0.051
1904  2 0.042
1904  3 0.039
1904  4 0.035
1904  5 0.033
1904  6 0.031
1904  7 0.031
1904  8 0.030
1904  9 0.029
1904 10 0.027
1904 11 0.025
1904 12 0.024
1905  1 0.022
1905  2 0.018
1905  3 0.016
1905  4 0.015
1905  5 0.013
1905  6 0.012
1905  7 0.012
1905  8 0.011
1905  9 0.012
1905 10 0.011
1905 11 0.010
1905 12 0.010
1906  1 0.009
1906  2 0.009
1906  3 0.007
1906  4 0.007
1906  5 0.006
1906  6 0.006
1906  7 0.006
1906  8 0.006
1906  9 0.006
1906 10 0.005
1906 11 0.005
1906 12 0.004
1907  1 0.004
1907  2 0.004
1907  3 0.004
1907  4 0.003
1907  5 0.003
1907  6 0.003
1907  7 0.002
1907  8 0.002
1907  9 0.002
1907 10 0.002
1907 11 0.002
1907 12 0.002
1908  1 0.002
1908  2 0.002
1908  3 0.001
1908  4 0.001
1908  5 0.001
1908  6 0.001
1908  7 0.001
1908  8 0.001
1908  9 0.001
1908 10 0.001
1908 11 0.001
1908 12 0.001
1909  1 0.001
1909  2 0.001
1909  3 0.001
1909  4 0.001
1909  5 0.001
1909  6 0.001
1909  7 0.000
1909  8 0.000
1909  9 0.000
1909 10 0.000
1909 11 0.000
1909 12 0.000
1910  1 0.000
1910  2 0.000
1910  3 0.000
1910  4 0.000
1910  5 0.000
1910  6 0.000
1910  7 0.000
1910  8 0.000
1910  9 0.000
1910 10 0.000
1910 11 0.000
1910 12 0.000
1911  1 0.000
1911  2 0.000
1911  3 0.000
1911  4 0.000
1911  5 0.000
1911  6 0.000
1911  7 0.000
1911  8 0.000
1911  9 0.000
1911 10 0.000
1911 11 0.000
1911 12 0.000
1912  1 0.000
1912  2 0.000
1912  3 0.000
1912  4 0.000
1912  5 0.000
1912  6 0.000
1912  7 0.000
1912  8 0.000
1912  9 0.000
1912 10 0.000
1912 11 0.000
1912 12 0.000
1913  1 0.000
1913  2 0.000
1913  3 0.000
1913  4 0.000
1913  5 0.000
1913  6 0.000
1913  7 0.000
1913  8 0.000
1913  9 0.000
1913 10 0.000
1913 11 0.000
1913 12 0.000
1914  1 0.000
1914  2 0.000
1914  3 0.000
1914  4 0.000
1914  5 0.000
1914  6 0.000
1914  7 0.000
1914  8 0.000
1914  9 0.000
1914 10 0.000
1914 11 0.000
1914 12 0.000
1915  1 0.000
1915  2 0.000
1915  3 0.000
1915  4 0.000
1915  5 0.000
1915  6 0.000
1915  7 0.000
1915  8 0.000
1915  9 0.000
1915 10 0.000
1915 11 0.000
1915 12 0.000
1916  1 0.001
1916  2 0.001
1916  3 0.001
1916  4 0.001
1916  5 0.001
1916  6 0.001
1916  7 0.001
1916  8 0.001
1916  9 0.002
1916 10 0.002
1916 11 0.003
1916 12 0.003
1917  1 0.004
1917  2 0.003
1917  3 0.003
1917  4 0.003
1917  5 0.002
1917  6 0.002
1917  7 0.002
1917  8 0.002
1917  9 0.002
1917 10 0.002
1917 11 0.002
1917 12 0.001
1918  1 0.002
1918  2 0.002
1918  3 0.003
1918  4 0.003
1918  5 0.002
1918  6 0.002
1918  7 0.002
1918  8 0.002
1918  9 0.002
1918 10 0.002
1918 11 0.002
1918 12 0.001
1919  1 0.001
1919  2 0.002
1919  3 0.003
1919  4 0.003
1919  5 0.003
1919  6 0.002
1919  7 0.002
1919  8 0.002
1919  9 0.002
1919 10 0.002
1919 11 0.002
1919 12 0.002
1920  1 0.001
1920  2 0.001
1920  3 0.001
1920  4 0.003
1920  5 0.007
1920  6 0.010
1920  7 0.014
1920  8 0.017
1920  9 0.016
1920 10 0.015
1920 11 0.014
1920 12 0.013
1921  1 0.012
1921  2 0.011
1921  3 0.010
1921  4 0.009
1921  5 0.008
1921  6 0.008
1921  7 0.007
1921  8 0.007
1921  9 0.006
1921 10 0.005
1921 11 0.005
1921 12 0.005
1922  1 0.004
1922  2 0.004
1922  3 0.004
1922  4 0.003
1922  5 0.003
1922  6 0.003
1922  7 0.003
1922  8 0.002
1922  9 0.002
1922 10 0.002
1922 11 0.002
1922 12 0.002
1923  1 0.002
1923  2 0.002
1923  3 0.001
1923  4 0.001
1923  5 0.001
1923  6 0.001
1923  7 0.001
1923  8 0.001
1923  9 0.001
1923 10 0.001
1923 11 0.001
1923 12 0.001
1924  1 0.005
1924  2 0.005
1924  3 0.006
1924  4 0.006
1924  5 0.006
1924  6 0.007
1924  7 0.008
1924  8 0.008
1924  9 0.007
1924 10 0.007
1924 11 0.007
1924 12 0.006
1925  1 0.006
1925  2 0.005
1925  3 0.006
1925  4 0.006
1925  5 0.007
1925  6 0.006
1925  7 0.006
1925  8 0.005
1925  9 0.005
1925 10 0.005
1925 11 0.004
1925 12 0.004
1926  1 0.004
1926  2 0.003
1926  3 0.003
1926  4 0.003
1926  5 0.003
1926  6 0.002
1926  7 0.002
1926  8 0.002
1926  9 0.002
1926 10 0.002
1926 11 0.002
1926 12 0.002
1927  1 0.001
1927  2 0.001
1927  3 0.001
1927  4 0.001
1927  5 0.001
1927  6 0.001
1927  7 0.001
1927  8 0.001
1927  9 0.001
1927 10 0.001
1927 11 0.001
1927 12 0.001
1928  1 0.002
1928  2 0.004
1928  3 0.005
1928  4 0.006
1928  5 0.007
1928  6 0.009
1928  7 0.010
1928  8 0.011
1928  9 0.010
1928 10 0.009
1928 11 0.009
1928 12 0.012
1929  1 0.012
1929  2 0.014
1929  3 0.013
1929  4 0.012
1929  5 0.011
1929  6 0.011
1929  7 0.012
1929  8 0.011
1929  9 0.010
1929 10 0.010
1929 11 0.009
1929 12 0.008
1930  1 0.008
1930  2 0.007
1930  3 0.007
1930  4 0.006
1930  5 0.007
1930  6 0.007
1930  7 0.007
1930  8 0.006
1930  9 0.006
1930 10 0.005
1930 11 0.005
1930 12 0.004
1931  1 0.004
1931  2 0.004
1931  3 0.003
1931  4 0.003
1931  5 0.003
1931  6 0.003
1931  7 0.002
1931  8 0.002
1931  9 0.002
1931 10 0.002
1931 11 0.002
1931 12 0.003
1932  1 0.004
1932  2 0.007
1932  3 0.008
1932  4 0.009
1932  5 0.011
1932  6 0.012
1932  7 0.013
1932  8 0.013
1932  9 0.012
1932 10 0.011
1932 11 0.011
1932 12 0.010
1933  1 0.010
1933  2 0.009
1933  3 0.009
1933  4 0.009
1933  5 0.008
1933  6 0.008
1933  7 0.007
1933  8 0.006
1933  9 0.006
1933 10 0.005
1933 11 0.005
1933 12 0.005
1934  1 0.004
1934  2 0.004
1934  3 0.004
1934  4 0.003
1934  5 0.003
1934  6 0.004
1934  7 0.004
1934  8 0.004
1934  9 0.004
1934 10 0.004
1934 11 0.004
1934 12 0.004
1935  1 0.004
1935  2 0.004
1935  3 0.005
1935  4 0.005
1935  5 0.005
1935  6 0.005
1935  7 0.005
1935  8 0.004
1935  9 0.004
1935 10 0.004
1935 11 0.004
1935 12 0.003
1936  1 0.003
1936  2 0.003
1936  3 0.003
1936  4 0.002
1936  5 0.002
1936  6 0.002
1936  7 0.003
1936  8 0.003
1936  9 0.002
1936 10 0.002
1936 11 0.002
1936 12 0.002
1937  1 0.002
1937  2 0.002
1937  3 0.002
1937  4 0.001
1937  5 0.001
1937  6 0.001
1937  7 0.001
1937  8 0.001
1937  9 0.001
1937 10 0.001
1937 11 0.001
1937 12 0.001
1938  1 0.001
1938  2 0.001
1938  3 0.003
1938  4 0.003
1938  5 0.003
1938  6 0.004
1938  7 0.005
1938  8 0.004
1938  9 0.004
1938 10 0.004
1938 11 0.003
1938 12 0.003
1939  1 0.003
1939  2 0.003
1939  3 0.004
1939  4 0.004
1939  5 0.005
1939  6 0.005
1939  7 0.004
1939  8 0.004
1939  9 0.004
1939 10 0.004
1939 11 0.003
1939 12 0.004
1940  1 0.004
1940  2 0.005
1940  3 0.005
1940  4 0.005
1940  5 0.005
1940  6 0.005
1940  7 0.004
1940  8 0.004
1940  9 0.004
1940 10 0.004
1940 11 0.003
1940 12 0.003
1941  1 0.003
1941  2 0.002
1941  3 0.002
1941  4 0.002
1941  5 0.002
1941  6 0.002
1941  7 0.002
1941  8 0.002
1941  9 0.002
1941 10 0.001
1941 11 0.001
1941 12 0.001
1942  1 0.001
1942  2 0.001
1942  3 0.001
1942  4 0.001
1942  5 0.001
1942  6 0.001
1942  7 0.001
1942  8 0.001
1942  9 0.001
1942 10 0.001
1942 11 0.001
1942 12 0.001
1943  1 0.001
1943  2 0.000
1943  3 0.000
1943  4 0.000
1943  5 0.000
1943  6 0.000
1943  7 0.000
1943  8 0.000
1943  9 0.000
1943 10 0.000
1943 11 0.000
1943 12 0.000
1944  1 0.000
1944  2 0.000
1944  3 0.000
1944  4 0.000
1944  5 0.000
1944  6 0.000
1944  7 0.000
1944  8 0.000
1944  9 0.000
1944 10 0.000
1944 11 0.000
1944 12 0.000
1945  1 0.000
1945  2 0.000
1945  3 0.000
1945  4 0.000
1945  5 0.000
1945  6 0.000
1945  7 0.000
1945  8 0.000
1945  9 0.000
1945 10 0.000
1945 11 0.000
1945 12 0.000
1946  1 0.000
1946  2 0.000
1946  3 0.000
1946  4 0.000
1946  5 0.000
1946  6 0.003
1946  7 0.002
1946  8 0.002
1946  9 0.002
1946 10 0.002
1946 11 0.002
1946 12 0.002
1947  1 0.002
1947  2 0.001
1947  3 0.001
1947  4 0.001
1947  5 0.001
1947  6 0.001
1947  7 0.001
1947  8 0.001
1947  9 0.001
1947 10 0.001
1947 11 0.001
1947 12 0.001
1948  1 0.001
1948  2 0.001
1948  3 0.001
1948  4 0.001
1948  5 0.001
1948  6 0.000
1948  7 0.000
1948  8 0.000
1948  9 0.000
1948 10 0.000
1948 11 0.000
1948 12 0.000
1949  1 0.000
1949  2 0.000
1949  3 0.003
1949  4 0.003
1949  5 0.004
1949  6 0.005
1949  7 0.005
1949  8 0.005
1949  9 0.004
1949 10 0.004
1949 11 0.004
1949 12 0.004
1950  1 0.004
1950  2 0.003
1950  3 0.003
1950  4 0.003
1950  5 0.005
1950  6 0.005
1950  7 0.004
1950  8 0.004
1950  9 0.004
1950 10 0.003
1950 11 0.003
1950 12 0.003
1951  1 0.003
1951  2 0.002
1951  3 0.002
1951  4 0.002
1951  5 0.002
1951  6 0.002
1951  7 0.002
1951  8 0.002
1951  9 0.001
1951 10 0.001
1951 11 0.001
1951 12 0.001
1952  1 0.001
1952  2 0.001
1952  3 0.001
1952  4 0.001
1952  5 0.001
1952  6 0.001
1952  7 0.001
1952  8 0.001
1952  9 0.001
1952 10 0.001
1952 11 0.001
1952 12 0.001
1953  1 0.000
1953  2 0.000
1953  3 0.000
1953  4 0.000
1953  5 0.000
1953  6 0.000
1953  7 0.000
1953  8 0.000
1953  9 0.000
1953 10 0.000
1953 11 0.000
1953 12 0.000
1954  1 0.000
1954  2 0.000
1954  3 0.000
1954  4 0.000
1954  5 0.000
1954  6 0.000
1954  7 0.000
1954  8 0.000
1954  9 0.000
1954 10 0.000
1954 11 0.000
1954 12 0.000
1955  1 0.000
1955  2 0.000
1955  3 0.000
1955  4 0.000
1955  5 0.000
1955  6 0.000
1955  7 0.000
1955  8 0.000
1955  9 0.000
1955 10 0.000
1955 11 0.000
1955 12 0.000
1956  1 0.000
1956  2 0.000
1956  3 0.000
1956  4 0.000
1956  5 0.000
1956  6 0.000
1956  7 0.000
1956  8 0.000
1956  9 0.000
1956 10 0.000
1956 11 0.000
1956 12 0.000
1957  1 0.000
1957  2 0.000
1957  3 0.000
1957  4 0.000
1957  5 0.000
1957  6 0.000
1957  7 0.000
1957  8 0.000
1957  9 0.000
1957 10 0.000
1957 11 0.000
1957 12 0.000
1958  1 0.000
1958  2 0.000
1958  3 0.000
1958  4 0.000
1958  5 0.000
1958  6 0.000
1958  7 0.000
1958  8 0.000
1958  9 0.000
1958 10 0.000
1958 11 0.000
1958 12 0.000
1959  1 0.000
1959  2 0.000
1959  3 0.000
1959  4 0.000
1959  5 0.000
1959  6 0.000
1959  7 0.000
1959  8 0.000
1959  9 0.000
1959 10 0.000
1959 11 0.000
1959 12 0.000
1960  1 0.000
1960  2 0.000
1960  3 0.000
1960  4 0.002
1960  5 0.003
1960  6 0.004
1960  7 0.005
1960  8 0.007
1960  9 0.008
1960 10 0.008
1960 11 0.008
1960 12 0.008
1961  1 0.007
1961  2 0.007
1961  3 0.007
1961  4 0.007
1961  5 0.006
1961  6 0.007
1961  7 0.006
1961  8 0.008
1961  9 0.011
1961 10 0.011
1961 11 0.011
1961 12 0.010
1962  1 0.009
1962  2 0.009
1962  3 0.019
1962  4 0.021
1962  5 0.020
1962  6 0.018
1962  7 0.018
1962  8 0.021
1962  9 0.020
1962 10 0.018
1962 11 0.016
1962 12 0.015
1963  1 0.014
1963  2 0.013
1963  3 0.012
1963  4 0.022
1963  5 0.052
1963  6 0.077
1963  7 0.083
1963  8 0.087
1963  9 0.095
1963 10 0.120
1963 11 0.141
1963 12 0.132
1964  1 0.122
1964  2 0.112
1964  3 0.103
1964  4 0.095
1964  5 0.094
1964  6 0.099
1964  7 0.116
1964  8 0.117
1964  9 0.108
1964 10 0.099
1964 11 0.092
1964 12 0.085
1965  1 0.079
1965  2 0.073
1965  3 0.067
1965  4 0.062
1965  5 0.057
1965  6 0.052
1965  7 0.048
1965  8 0.044
1965  9 0.041
1965 10 0.037
1965 11 0.035
1965 12 0.038
1966  1 0.036
1966  2 0.033
1966  3 0.031
1966  4 0.028
1966  5 0.026
1966  6 0.024
1966  7 0.023
1966  8 0.021
1966  9 0.020
1966 10 0.018
1966 11 0.017
1966 12 0.015
1967  1 0.014
1967  2 0.013
1967  3 0.012
1967  4 0.011
1967  5 0.011
1967  6 0.012
1967  7 0.014
1967  8 0.015
1967  9 0.017
1967 10 0.019
1967 11 0.017
1967 12 0.016
1968  1 0.014
1968  2 0.013
1968  3 0.012
1968  4 0.011
1968  5 0.014
1968  6 0.020
1968  7 0.027
1968  8 0.033
1968  9 0.040
1968 10 0.046
1968 11 0.044
1968 12 0.043
1969  1 0.041
1969  2 0.040
1969  3 0.038
1969  4 0.037
1969  5 0.035
1969  6 0.034
1969  7 0.032
1969  8 0.031
1969  9 0.030
1969 10 0.028
1969 11 0.026
1969 12 0.025
1970  1 0.023
1970  2 0.022
1970  3 0.021
1970  4 0.019
1970  5 0.018
1970  6 0.016
1970  7 0.015
1970  8 0.014
1970  9 0.013
1970 10 0.012
1970 11 0.011
1970 12 0.010
1971  1 0.009
1971  2 0.008
1971  3 0.008
1971  4 0.007
1971  5 0.007
1971  6 0.006
1971  7 0.005
1971  8 0.005
1971  9 0.006
1971 10 0.005
1971 11 0.005
1971 12 0.005
1972  1 0.004
1972  2 0.004
1972  3 0.004
1972  4 0.003
1972  5 0.003
1972  6 0.003
1972  7 0.003
1972  8 0.004
1972  9 0.004
1972 10 0.004
1972 11 0.005
1972 12 0.005
1973  1 0.006
1973  2 0.006
1973  3 0.007
1973  4 0.007
1973  5 0.007
1973  6 0.008
1973  7 0.008
1973  8 0.008
1973  9 0.009
1973 10 0.009
1973 11 0.009
1973 12 0.010
1974  1 0.010
1974  2 0.011
1974  3 0.011
1974  4 0.011
1974  5 0.012
1974  6 0.012
1974  7 0.013
1974  8 0.013
1974  9 0.013
1974 10 0.014
1974 11 0.014
1974 12 0.018
1975  1 0.023
1975  2 0.027
1975  3 0.031
1975  4 0.036
1975  5 0.040
1975  6 0.037
1975  7 0.034
1975  8 0.031
1975  9 0.029
1975 10 0.026
1975 11 0.024
1975 12 0.022
1976  1 0.021
1976  2 0.019
1976  3 0.018
1976  4 0.016
1976  5 0.015
1976  6 0.014
1976  7 0.013
1976  8 0.012
1976  9 0.011
1976 10 0.010
1976 11 0.009
1976 12 0.008
1977  1 0.008
1977  2 0.007
1977  3 0.007
1977  4 0.006
1977  5 0.005
1977  6 0.005
1977  7 0.005
1977  8 0.004
1977  9 0.004
1977 10 0.004
1977 11 0.003
1977 12 0.003
1978  1 0.003
1978  2 0.003
1978  3 0.002
1978  4 0.003
1978  5 0.005
1978  6 0.007
1978  7 0.008
1978  8 0.010
1978  9 0.012
1978 10 0.012
1978 11 0.012
1978 12 0.013
1979  1 0.013
1979  2 0.013
1979  3 0.012
1979  4 0.011
1979  5 0.010
1979  6 0.009
1979  7 0.009
1979  8 0.008
1979  9 0.007
1979 10 0.007
1979 11 0.006
1979 12 0.006
1980  1 0.005
1980  2 0.005
1980  3 0.004
1980  4 0.004
1980  5 0.004
1980  6 0.004
1980  7 0.003
1980  8 0.003
1980  9 0.003
1980 10 0.004
1980 11 0.004
1980 12 0.004
1981  1 0.004
1981  2 0.004
1981  3 0.004
1981  4 0.004
1981  5 0.004
1981  6 0.004
1981  7 0.005
1981  8 0.005
1981  9 0.005
1981 10 0.005
1981 11 0.005
1981 12 0.005
1982  1 0.005
1982  2 0.005
1982  3 0.005
1982  4 0.005
1982  5 0.005
1982  6 0.011
1982  7 0.024
1982  8 0.032
1982  9 0.039
1982 10 0.047
1982 11 0.055
1982 12 0.062
1983  1 0.062
1983  2 0.061
1983  3 0.059
1983  4 0.058
1983  5 0.056
1983  6 0.052
1983  7 0.047
1983  8 0.044
1983  9 0.040
1983 10 0.037
1983 11 0.034
1983 12 0.032
1984  1 0.030
1984  2 0.028
1984  3 0.026
1984  4 0.024
1984  5 0.022
1984  6 0.021
1984  7 0.020
1984  8 0.018
1984  9 0.017
1984 10 0.016
1984 11 0.014
1984 12 0.014
1985  1 0.015
1985  2 0.014
1985  3 0.014
1985  4 0.014
1985  5 0.013
1985  6 0.013
1985  7 0.013
1985  8 0.012
1985  9 0.010
1985 10 0.009
1985 11 0.009
1985 12 0.010
1986  1 0.012
1986  2 0.011
1986  3 0.012
1986  4 0.012
1986  5 0.012
1986  6 0.012
1986  7 0.014
1986  8 0.017
1986  9 0.013
1986 10 0.012
1986 11 0.011
1986 12 0.010
1987  1 0.009
1987  2 0.009
1987  3 0.009
1987  4 0.009
1987  5 0.009
1987  6 0.010
1987  7 0.012
1987  8 0.012
1987  9 0.011
1987 10 0.009
1987 11 0.008
1987 12 0.009
1988  1 0.008
1988  2 0.008
1988  3 0.008
1988  4 0.007
1988  5 0.007
1988  6 0.008
1988  7 0.010
1988  8 0.014
1988  9 0.008
1988 10 0.007
1988 11 0.007
1988 12 0.007
1989  1 0.007
1989  2 0.006
1989  3 0.007
1989  4 0.006
1989  5 0.004
1989  6 0.006
1989  7 0.009
1989  8 0.012
1989  9 0.007
1989 10 0.006
1989 11 0.006
1989 12 0.005
1990  1 0.005
1990  2 0.005
1990  3 0.007
1990  4 0.005
1990  5 0.004
1990  6 0.007
1990  7 0.010
1990  8 0.010
1990  9 0.008
1990 10 0.006
1990 11 0.007
1990 12 0.006
1991  1 0.006
1991  2 0.006
1991  3 0.006
1991  4 0.006
1991  5 0.006
1991  6 0.015
1991  7 0.035
1991  8 0.075
1991  9 0.097
1991 10 0.121
1991 11 0.148
1991 12 0.130
1992  1 0.134
1992  2 0.130
1992  3 0.127
1992  4 0.132
1992  5 0.133
1992  6 0.133
1992  7 0.130
1992  8 0.121
1992  9 0.107
1992 10 0.098
1992 11 0.092
1992 12 0.076
1993  1 0.071
1993  2 0.063
1993  3 0.060
1993  4 0.056
1993  5 0.055
1993  6 0.054
1993  7 0.052
1993  8 0.049
1993  9 0.045
1993 10 0.043
1993 11 0.039
1993 12 0.033
1994  1 0.029
1994  2 0.027
1994  3 0.024
1994  4 0.022
1994  5 0.022
1994  6 0.021
1994  7 0.021
1994  8 0.019
1994  9 0.018
1994 10 0.018
1994 11 0.017
1994 12 0.016
1995  1 0.013
1995  2 0.012
1995  3 0.011
1995  4 0.010
1995  5 0.011
1995  6 0.010
1995  7 0.011
1995  8 0.010
1995  9 0.010
1995 10 0.011
1995 11 0.010
1995 12 0.008
1996  1 0.007
1996  2 0.007
1996  3 0.007
1996  4 0.006
1996  5 0.007
1996  6 0.006
1996  7 0.008
1996  8 0.007
1996  9 0.007
1996 10 0.007
1996 11 0.007
1996 12 0.007
1997  1 0.006
1997  2 0.006
1997  3 0.005
1997  4 0.005
1997  5 0.006
1997  6 0.005
1997  7 0.006
1997  8 0.005
1997  9 0.007
1997 10 0.006
1997 11 0.005
1997 12 0.005
1998  1 0.004
1998  2 0.004
1998  3 0.004
1998  4 0.004
1998  5 0.003
1998  6 0.003
1998  7 0.003
1998  8 0.003
1998  9 0.002
1998 10 0.002
1998 11 0.002
1998 12 0.002
1999  1 0.002
1999  2 0.002
1999  3 0.002
1999  4 0.002
1999  5 0.002
1999  6 0.002
1999  7 0.002
1999  8 0.002
1999  9 0.002
1999 10 0.002
1999 11 0.002
1999 12 0.002
2000  1 0.002
2000  2 0.002
2000  3 0.002
2000  4 0.002
2000  5 0.002
2000  6 0.002
2000  7 0.002
2000  8 0.002
2000  9 0.002
2000 10 0.002
2000 11 0.002
2000 12 0.002
2001  1 0.002
2001  2 0.002
2001  3 0.002
2001  4 0.002
2001  5 0.002
2001  6 0.002
2001  7 0.002
2001  8 0.002
2001  9 0.002
2001 10 0.002
2001 11 0.002
2001 12 0.002
2002  1 0.002
2002  2 0.002
2002  3 0.002
2002  4 0.002
2002  5 0.002
2002  6 0.002
2002  7 0.002
2002  8 0.002
2002  9 0.002
2002 10 0.002
2002 11 0.002
2002 12 0.003
2003  1 0.003
2003  2 0.003
2003  3 0.003
2003  4 0.003
2003  5 0.003
2003  6 0.003
2003  7 0.003
2003  8 0.003
2003  9 0.003
2003 10 0.003
2003 11 0.003
2003 12 0.003
2004  1 0.003
2004  2 0.002
2004  3 0.002
2004  4 0.002
2004  5 0.002
2004  6 0.002
2004  7 0.002
2004  8 0.003
2004  9 0.003
2004 10 0.003
2004 11 0.003
2004 12 0.003
2005  1 0.003
2005  2 0.003
2005  3 0.003
2005  4 0.003
2005  5 0.003
2005  6 0.003
2005  7 0.004
2005  8 0.004
2005  9 0.004
2005 10 0.004
2005 11 0.004
2005 12 0.004
2006  1 0.003
2006  2 0.003
2006  3 0.003
2006  4 0.003
2006  5 0.003
2006  6 0.003
2006  7 0.004
2006  8 0.004
2006  9 0.004
2006 10 0.004
2006 11 0.005
2006 12 0.005
2007  1 0.005
2007  2 0.005
2007  3 0.004
2007  4 0.004
2007  5 0.004
2007  6 0.004
2007  7 0.004
2007  8 0.004
2007  9 0.004
2007 10 0.004
2007 11 0.004
2007 12 0.004
2008  1 0.004
2008  2 0.004
2008  3 0.003
2008  4 0.003
2008  5 0.003
2008  6 0.003
2008  7 0.003
2008  8 0.004
2008  9 0.004
2008 10 0.004
2008 11 0.004
2008 12 0.004
2009  1 0.004
2009  2 0.004
2009  3 0.004
2009  4 0.004
2009  5 0.004
2009  6 0.004
2009  7 0.004
2009  8 0.004
2009  9 0.004
2009 10 0.004
2009 11 0.004
2009 12 0.004
2010  1 0.004
2010  2 0.004
2010  3 0.003
2010  4 0.003
2010  5 0.003
2010  6 0.003
2010  7 0.003
2010  8 0.003
2010  9 0.004
2010 10 0.003
2010 11 0.004
2010 12 0.005
2011  1 0.005
2011  2 0.005
2011  3 0.004
2011  4 0.004
2011  5 0.004
2011  6 0.004
2011  7 0.004
2011  8 0.004
2011  9 0.004
2011 10 0.004
2011 11 0.004
2011 12 0.004
2012  1 0.004
2012  2 0.004
2012  3 0.003
2012  4 0.003
2012  5 0.003
2012  6 0.003
2012  7 0.003
2012  8 0.003
2012  9 0.004
2012 10 0.000
2012 11 0.000
2012 12 0.000
2013  1 0.000
2013  2 0.000
2013  3 0.000
2013  4 0.000
2013  5 0.000
2013  6 0.000
2013  7 0.000
2013  8 0.000
2013  9 0.000
2013 10 0.000
2013 11 0.000
2013 12 0.000
2014  1 0.000
2014  2 0.000
2014  3 0.000
2014  4 0.000
2014  5 0.000
2014  6 0.000
2014  7 0.000
2014  8 0.000
2014  9 0.000
2014 10 0.000
2014 11 0.000
2014 12 0.000
2015  1 0.000
2015  2 0.000
2015  3 0.000
2015  4 0.000
2015  5 0.000
2015  6 0.000
2015  7 0.000
2015  8 0.000
2015  9 0.000
2015 10 0.000
2015 11 0.000
2015 12 0.000
2016  1 0.000
2016  2 0.000
2016  3 0.000
2016  4 0.000
2016  5 0.000
2016  6 0.000
2016  7 0.000
2016  8 0.000
2016  9 0.000
2016 10 0.000
2016 11 0.000
2016 12 0.000
2017  1 0.000
2017  2 0.000
2017  3 0.000
2017  4 0.000
2017  5 0.000
2017  6 0.000
2017  7 0.000
2017  8 0.000
2017  9 0.000
2017 10 0.000
2017 11 0.000
2017 12 0.000